Multipole
20	#n_radial
2	#l_max
0	#unused
#Phi
#radius	l=0,m=0	l=1,m=-1	l=1,m=0	l=1,m=1	l=2,m=-2	l=2,m=-1	l=2,m=0	l=2,m=1	l=2,m=2
0.4837925159454	-131225.7154375	0	0	0	0	0	58.768945680814	0	0
0.8017121445506	-130167.5771432	0	0	0	0	0	110.74082587261	0	0
1.3285496189703	-128023.5471041	0	0	0	0	0	197.53157648953	0	0
2.2015933051078	-124054.7983584	0	0	0	0	0	306.37685099362	0	0
3.6483493065558	-117959.7578570	0	0	0	0	0	429.36845296362	0	0
6.0458271887752	-109672.7791668	0	0	0	0	0	551.96492318890	0	0
10.018784750367	-99268.40553769	0	0	0	0	0	642.77781987693	0	0
16.602533406934	-87058.02255881	0	0	0	0	0	661.45837069841	0	0
27.512729577133	-73847.31609030	0	0	0	0	0	597.02786457136	0	0
45.592456899879	-60513.99585029	0	0	0	0	0	469.93946705197	0	0
75.553104258148	-47606.08270883	0	0	0	0	0	337.23296739112	0	0
125.20210471609	-36070.34850502	0	0	0	0	0	282.76107037526	0	0
207.47747136609	-26418.84270362	0	0	0	0	0	270.59465128556	0	0
343.81930896514	-18811.92900847	0	0	0	0	0	222.52011226251	0	0
569.75688222401	-13061.03860043	0	0	0	0	0	124.93943788939	0	0
944.16717263119	-9044.437985804	0	0	0	0	0	69.695024995403	0	0
1564.6176074164	-6271.553308570	0	0	0	0	0	59.667961149535	0	0
2592.7911162335	-4090.510810714	0	0	0	0	0	29.145081194974	0	0
4296.6190208739	-2483.152466974	0	0	0	0	0	6.2935099525467	0	0
7120.1011508219	-1498.514879885	0	0	0	0	0	1.3798415821647	0	0

#dPhi/dr
#radius	l=0,m=0	l=1,m=-1	l=1,m=0	l=1,m=1	l=2,m=-2	l=2,m=-1	l=2,m=0	l=2,m=1	l=2,m=2
0.4837925159454	2971.7261151243	0	0	0	0	0	155.62599721773	0	0
0.8017121445506	3651.1991600307	0	0	0	0	0	168.96944045982	0	0
1.3285496189703	4402.9164797466	0	0	0	0	0	151.28015944627	0	0
2.2015933051078	4512.4327026122	0	0	0	0	0	104.45500592501	0	0
3.6483493065558	3900.4131378683	0	0	0	0	0	68.906554839741	0	0
6.0458271887752	3069.1527691112	0	0	0	0	0	37.097164327080	0	0
10.018784750367	2251.2168929754	0	0	0	0	0	11.968484418770	0	0
16.602533406934	1537.3096145064	0	0	0	0	0	-3.012896457359	0	0
27.512729577133	961.15158413436	0	0	0	0	0	-7.122060111381	0	0
45.592456899879	575.98816657165	0	0	0	0	0	-6.435772614088	0	0
75.553104258148	323.58784841718	0	0	0	0	0	-2.566517456754	0	0
125.20210471609	168.57076857636	0	0	0	0	0	-0.314754248132	0	0
207.47747136609	82.066072799117	0	0	0	0	0	-0.164996846221	0	0
343.81930896514	38.399092015751	0	0	0	0	0	-0.495443114009	0	0
569.75688222401	16.802192948062	0	0	0	0	0	-0.302207438277	0	0
944.16717263119	6.8890616445700	0	0	0	0	0	-0.051122219228	0	0
1564.6176074164	3.0158663665923	0	0	0	0	0	-0.012474457053	0	0
2592.7911162335	1.5009217159108	0	0	0	0	0	-0.030772287219	0	0
4296.6190208739	0.5776900087627	0	0	0	0	0	-0.004423342997	0	0
7120.1011508219	0.2104621754123	0	0	0	0	0	-5.814346857e-4	0	0
