CylSpline
20	#size_R
20	#size_z
0	#m_max
#Phi
0	#m
#R(row)\z(col)	0.0000000000000	0.0200000000000	0.0460572537213	0.0800062772960	0.1242371933398	0.1818640034236	0.2569438239987	0.3547625207023	0.4822068506368	0.6482493126588	0.8645798407294	1.1464288136088	1.5136393234788	1.9920641947186	2.6153861075415	3.4274889691642	4.4855474848175	5.8640524445338	7.6600551191013	10.000000000000
0.0000000000000	-219691.9803527	-219521.1555945	-218800.4450074	-217129.2702074	-214185.8585080	-209510.0509860	-202682.5781689	-193591.1829881	-182200.4702572	-168967.3100113	-154449.7915187	-139123.5167652	-123426.8513821	-107917.6507831	-93113.89035410	-79385.90592288	-66971.65396776	-55977.48859829	-46396.90379670	-38170.70254938
0.2000000000000	-214902.2028822	-214732.7431468	-214066.2833158	-212573.8011411	-209864.8682682	-205558.5120308	-199305.9451708	-190868.9454261	-180196.6286706	-167608.3371898	-153579.2282762	-138564.5693090	-123087.8448763	-107720.0163433	-92998.55184186	-79322.88032437	-66937.92166841	-55959.24933103	-46387.87343248	-38166.06565142
0.4484231545525	-198879.5027358	-198786.6804071	-198395.0231121	-197493.9735494	-195785.2219586	-192896.9431966	-188416.7136947	-182001.5792581	-173454.3003916	-162801.4093128	-150313.7227492	-136441.3295010	-121761.4099662	-106928.6303213	-92543.76130410	-79071.76566644	-66802.97896764	-55887.55382197	-46350.86600310	-38146.83664234
0.7569934731415	-178458.8087059	-178407.4283079	-178192.8581892	-177692.3472412	-176731.7032347	-175061.6609316	-172329.9368168	-168126.0466427	-162092.5680274	-154025.8304928	-143932.9657230	-132070.5191867	-118934.8583022	-105194.2327904	-91531.29310452	-78504.84141164	-66494.99803286	-55723.79385436	-46265.66262990	-38102.91170423
1.1402735328672	-157301.0269401	-157272.0108331	-157152.5501495	-156865.7889642	-156305.0476197	-155314.3865507	-153679.9279121	-151105.0189107	-147232.8464125	-141716.7193532	-134325.6594312	-125045.5804999	-114136.4179405	-102125.1921037	-89680.93732428	-77443.28184097	-65909.13725189	-55409.37444446	-46100.92896904	-38017.84595664
1.6163517404379	-136738.6899884	-136723.5569802	-136658.9334406	-136501.4491130	-136182.7904086	-135608.2560515	-134643.1122935	-133097.3637683	-130715.2375553	-127186.5113845	-122200.7526446	-115542.2591572	-107192.5010058	-97411.11702175	-86697.07201326	-75664.73685184	-64902.14721000	-54859.69347975	-45808.87447637	-37866.01151581
2.2076959911299	-117731.5276182	-117723.1275950	-117687.8659716	-117600.9916835	-117420.3985434	-117085.8569348	-116513.0359718	-115585.2818367	-114139.8488175	-111959.8209659	-108776.7868891	-104319.2281327	-98400.70851787	-91007.01057102	-82373.01568034	-72947.74415935	-63298.73666403	-53959.32612205	-45321.55984587	-37609.27544607
2.9422140120467	-100620.0767574	-100615.7255243	-100596.7081910	-100549.7094662	-100451.7580073	-100267.0766993	-99942.10956788	-99401.15687758	-98539.81082640	-97216.20397700	-95245.22904768	-92399.44515463	-88444.55262309	-83219.46383793	-76714.63825547	-69146.45233956	-60926.98310744	-52569.88155270	-44546.82108988	-37193.22538739
3.8545704312057	-85773.34658313	-85770.45029376	-85758.33235270	-85728.20297199	-85667.30667716	-85553.87911285	-85356.00535806	-85027.15531622	-84498.83777879	-83682.27596166	-82458.22684977	-80665.72843916	-78109.33709953	-74594.01809148	-69980.76313487	-64274.96820461	-57673.71265340	-50554.74910959	-43375.27169026	-36545.08296605
4.9878227298242	-72826.91667076	-72825.30936021	-72818.72404585	-72802.03273863	-72767.80251056	-72703.63451966	-72589.12024263	-72391.72427760	-72069.69810912	-71564.13630751	-70795.68506523	-69661.44301928	-68026.43102305	-65728.97657252	-62604.48846211	-58540.86389424	-53551.65234844	-47822.91325990	-41696.22856202	-35576.90840782
6.3954532844574	-61419.44296900	-61418.72854242	-61415.59032985	-61407.79634857	-61391.38328302	-61359.81792675	-61301.83784081	-61198.59679991	-61022.11840377	-60732.37741220	-60274.55583251	-59577.76157774	-58554.30706943	-57091.27575992	-55048.81229611	-52288.19587914	-48722.83382188	-44377.91438003	-39432.21141012	-34198.05663208
8.1438933985896	-51565.85086606	-51565.53037666	-51564.15250212	-51560.63572942	-51553.22025846	-51538.70449636	-51511.78860282	-51462.45837786	-51375.37107622	-51225.43750851	-50973.49465640	-50566.43260904	-49942.06069085	-49022.15577837	-47711.22156412	-45893.69477849	-43458.04434106	-40340.71480018	-36577.76971216	-32342.05252917
10.315658442084	-43266.23830987	-43265.98076399	-43264.94334799	-43262.43584116	-43257.32077405	-43247.43799538	-43229.32062036	-43196.60788902	-43140.44110470	-43046.95393537	-42892.98997136	-42644.06074657	-42254.52387260	-41670.81400706	-40831.37698107	-39654.95098398	-38046.97993400	-35917.15250033	-33219.08445167	-29997.74958139
13.013242057342	-35834.43554330	-35834.33961602	-35833.92708092	-35832.83988152	-35830.51397108	-35825.84525486	-35816.97756867	-35800.75286713	-35772.19391105	-35723.03937313	-35641.03941784	-35509.24531909	-35298.21590202	-34962.32154547	-34454.33174764	-33727.10712607	-32714.78666790	-31337.02736396	-29520.40720029	-27231.46906223
16.363953214199	-29254.42092328	-29254.38087809	-29254.21483837	-29253.78979748	-29252.88695173	-29251.10479923	-29247.74583393	-29241.60419125	-29230.64978878	-29211.73682732	-29179.04793556	-29121.53970805	-29023.86402380	-28864.57654058	-28610.27649616	-28219.17148660	-27643.27156813	-26823.22299127	-25690.79790403	-24183.89974150
20.525924392102	-23772.30632026	-23772.28327298	-23772.20628831	-23772.01758490	-23771.61643788	-23770.84503546	-23769.40409470	-23766.86334354	-23762.40321438	-23754.64696175	-23741.26977284	-23718.23429546	-23678.96400055	-23613.16704339	-23502.68448576	-23319.91608329	-23032.47416273	-22597.43757470	-21957.26826838	-21048.03311881
25.695574437959	-19394.36069918	-19394.35358075	-19394.32448944	-19394.25147942	-19394.09878653	-19393.79958428	-19393.24123393	-19392.22314029	-19390.42329974	-19387.25776275	-19381.74207462	-19372.22624523	-19355.94175649	-19328.28469587	-19281.63621315	-19203.66724952	-19075.09887497	-18866.49126193	-18536.79323509	-18034.25710330
32.116878299579	-15994.55786398	-15994.55496306	-15994.54229237	-15994.51004493	-15994.44211371	-15994.31140975	-15994.06437033	-15993.61671255	-15992.82199502	-15991.42269301	-15988.98657543	-15984.77418977	-15977.52956265	-15965.12254863	-15943.99806862	-15908.18462497	-15847.93569588	-15747.31291032	-15582.13317172	-15317.62192538
40.092881107797	-13324.14848984	-13324.14710905	-13324.14111442	-13324.12617598	-13324.09379657	-13324.03033823	-13323.91179889	-13323.69393140	-13323.30674811	-13322.62480929	-13321.43491383	-13319.37029775	-13315.81422559	-13309.71543989	-13299.30242333	-13281.58990711	-13251.60083519	-13201.15626520	-13117.11122490	-12979.19308193
50.000000000000	-11192.41874126	-11192.41807364	-11192.41508307	-11192.40734930	-11192.39075984	-11192.35788237	-11192.29719673	-11192.18738748	-11191.99115115	-11191.64532417	-11191.04275178	-11189.99963674	-11188.20105035	-11185.11692568	-11179.84403578	-11170.84744099	-11155.56315725	-11129.70007497	-11086.21402568	-11013.83176582

#dPhi/dR
0	#m
#R(row)\z(col)	0.0000000000000	0.0200000000000	0.0460572537213	0.0800062772960	0.1242371933398	0.1818640034236	0.2569438239987	0.3547625207023	0.4822068506368	0.6482493126588	0.8645798407294	1.1464288136088	1.5136393234788	1.9920641947186	2.6153861075415	3.4274889691642	4.4855474848175	5.8640524445338	7.6600551191013	10.000000000000
0.0000000000000	13116.280341861	13212.615796558	13222.951130025	12829.188853807	12581.612766855	11929.072721837	10294.645318912	8379.0569168013	6118.1970484189	4046.3491458136	2482.3321344098	1604.0918277888	949.04266679782	543.09344521333	325.35159500206	176.36113636560	94.350577612476	52.146924893092	24.536197982125	12.309791198706
0.2000000000000	44559.840925606	44367.055702277	43578.406750244	41750.381420578	38865.225546786	34788.845681363	29557.483321808	23696.813440894	17543.285150017	12091.780651609	7950.3921831674	5087.4893725183	3130.1723921097	1843.8865817159	1060.7971915360	582.33462042776	311.76958913383	166.50385267468	84.795837361541	44.072877186016
0.4484231545525	71234.527328957	70971.383269894	70000.398611476	67904.937568232	64183.594226699	58631.358388757	51377.228955530	42801.292759109	33586.349736090	24790.894967124	17324.985003463	11482.747903787	7258.7964068177	4375.7641318387	2523.7892017121	1400.0384581810	755.25123796226	400.73243462885	207.86494880180	107.55292995028
0.7569934731415	61171.052399116	61098.905147291	60754.435606229	59956.802569745	58422.191915300	55768.795349560	51619.033186911	45898.499917744	38875.115108883	31110.478555907	23394.064175275	16498.714725946	10909.809068494	6801.9788228157	4018.4547326489	2269.9244567578	1240.5682394765	661.58900555079	344.90276988879	177.73611296543
1.1402735328672	49431.001184238	49387.329296362	49216.081212225	48829.452198563	48116.725385898	46910.890922165	44939.316301081	41878.471965109	37557.250777498	32101.936014700	25911.112875780	19584.895435053	13793.680588793	9047.6959049725	5563.0882284121	3240.2610721458	1804.8549848669	974.59233728205	513.53072827377	265.70687240501
1.6163517404379	37534.786257126	37516.806732792	37442.360254820	37262.095228237	36917.566745981	36320.051532650	35359.726644054	33873.000128785	31655.088524850	28537.725308946	24528.168176075	19873.599856501	15023.475361999	10538.700599514	6861.9830158405	4181.4590281273	2407.2004930135	1328.2241015131	710.67105626422	371.39925238237
2.2076959911299	27557.760528096	27550.026826418	27516.944478156	27436.966414457	27275.648651368	26990.825779546	26521.865671255	25784.488087321	24664.181483736	23027.329713213	20759.727958583	17848.906917165	14451.674338186	10903.667442168	7622.4298846592	4934.6960012940	2982.4163454969	1704.1141948532	933.28734542814	495.31130879203
2.9422140120467	19559.166839870	19556.050043893	19543.244030691	19511.546772286	19443.136623337	19314.612170726	19094.850936753	18742.513615677	18203.771532209	17400.252134394	16233.934100905	14626.076630021	12571.035784791	10169.458632604	7659.3630608611	5330.5487180414	3430.0072373927	2058.3600478974	1167.6989390830	634.60886280171
3.8545704312057	13610.866581258	13609.739230485	13604.222056547	13590.956937700	13563.055562067	13509.770214178	13415.314578177	13259.447238186	13011.298183678	12630.953413655	12067.667931374	11256.374781840	10138.909887686	8707.2635942812	7029.4539798451	5273.3526789326	3648.3541746510	2330.2772857657	1387.7523613067	781.07025124410
4.9878227298242	9637.2803278370	9636.3387050917	9632.6318955069	9623.3257478640	9605.1498257788	9572.1205397878	9516.6737750082	9428.7091531411	9293.0117094709	9091.8342672870	8800.6766413250	8383.5082512642	7794.9920456880	6996.2476161053	5981.9289878451	4805.0812020756	3580.7617106202	2458.3858555970	1557.7239414423	919.79640977832
6.3954532844574	6810.0345835027	6809.6314566354	6808.0023895575	6803.8816549867	6795.4008324325	6779.6482830376	6751.4548291016	6702.9717353465	6626.0705196872	6510.2939043451	6343.9126761690	6113.0502445356	5795.0583881258	5362.9663172087	4791.5509836510	4076.6590842256	3255.1591696373	2407.8637057823	1638.7513951573	1028.2909030421
8.1438933985896	4623.6864434198	4623.6077261348	4623.1936413507	4622.1453945614	4619.8236945758	4615.2590657746	4606.6924665785	4591.3192417959	4564.0379544844	4517.8383384718	4444.5969996550	4335.6520923356	4181.3807798282	3965.6361463529	3666.1910981770	3266.9864362634	2767.2573180927	2194.7186417469	1608.5498186706	1082.0760344044
10.315658442084	3226.4471426064	3226.4032177398	3226.2264754341	3225.7814769743	3224.8704017349	3223.1263571020	3219.9757497674	3214.1136612989	3203.7011491115	3185.5266342687	3153.7610819865	3099.9431340921	3017.4667882540	2901.5484296016	2742.9969244112	2525.3223194458	2236.8950403742	1879.3165811253	1474.0514055997	1065.1389931792
13.013242057342	2349.5059504519	2349.4635809386	2349.2962230534	2348.9033080705	2348.1133360974	2346.5985557917	2343.8429148331	2338.9315128997	2330.6874949603	2317.3224437988	2296.0752420910	2263.4211604704	2214.0780802662	2142.3167908148	2044.2110806611	1914.1013588512	1744.0955078142	1527.7408697412	1266.9000624221	978.40154447846
16.363953214199	1623.9042134993	1623.8989750410	1623.8685005296	1623.7762125415	1623.5691870358	1623.1328339393	1622.2767286510	1620.6638504233	1617.7501283518	1612.6007768912	1603.9197030063	1590.0670671832	1567.9092070579	1532.1171366287	1478.5258737041	1405.3563950427	1308.4124941996	1182.4484743893	1024.8845923674	838.93416699435
20.525924392102	1062.4856700781	1062.4818474893	1062.4673323381	1062.4324023755	1062.3597615123	1062.2209832142	1061.9642339157	1061.5024512168	1060.6820877648	1059.2972313557	1056.8721269020	1052.3157896622	1044.3507062089	1031.4928338811	1010.7764025977	978.36485201346	931.08271825603	865.90812581855	779.90491918042	671.61268779843
25.695574437959	669.88222814433	669.88050162231	669.87548267913	669.86324993638	669.83681834140	669.78582655927	669.69056704243	669.52590720741	669.23986152071	668.73745459059	667.88079201301	666.47598642882	664.12539516263	660.13777054936	653.32466579994	641.83814468554	623.66147876154	596.33490610267	556.71559456263	502.01497696885
32.116878299579	419.83060246855	419.83036764779	419.82907949858	419.82576695177	419.81911818249	419.80591834429	419.78135785382	419.73513047524	419.65270338673	419.50771618111	419.25186728635	418.79855439990	418.01571720275	416.69234397740	414.49072593123	410.86476051366	404.83722788438	394.86923626487	378.95365246149	354.75201472275
40.092881107797	266.81842362138	266.81829784357	266.81780253068	266.81654622209	266.81387962032	266.80891651245	266.79933651779	266.78239124154	266.75246437805	266.69976547072	266.60879214701	266.45388017078	266.18849986305	265.73114967254	264.94457109340	263.59540643084	261.32591103857	257.54651675873	251.35133973776	241.43704979410
50.000000000000	175.63759608822	175.63755179343	175.63735334985	175.63690033511	175.63587820113	175.63382955370	175.63001977021	175.62258351181	175.60943592706	175.58629972384	175.54549347829	175.47339575231	175.34895727638	175.13622553119	174.77578684644	174.16975705304	173.14480664978	171.42586806404	168.57398739704	163.92832600502

#dPhi/dz
0	#m
#R(row)\z(col)	0.0000000000000	0.0200000000000	0.0460572537213	0.0800062772960	0.1242371933398	0.1818640034236	0.2569438239987	0.3547625207023	0.4822068506368	0.6482493126588	0.8645798407294	1.1464288136088	1.5136393234788	1.9920641947186	2.6153861075415	3.4274889691642	4.4855474848175	5.8640524445338	7.6600551191013	10.000000000000
0.0000000000000	-0.000000000000	16994.824061285	38086.703846153	58278.713470506	73962.240539208	86972.232048093	93068.054169576	92191.198679984	85608.148214568	73888.021263881	60906.400292021	48610.215846803	37564.805642537	27973.418378046	20180.224861362	14173.517946233	9724.4868943661	6554.6090589740	4344.5494839921	2857.8386016705
0.2000000000000	-0.000000000000	16408.791580251	34271.215421500	52648.097496630	68451.432446428	79706.933864667	85631.440574041	85994.324023056	80719.195244172	70851.223823280	59304.883109827	47820.473174517	37130.988714867	27778.282475607	20089.558333853	14130.298000708	9707.3438037257	6547.0982702109	4341.4037571886	2856.6438260245
0.4484231545525	-0.000000000000	9300.9609316002	20400.596877005	32294.972862485	44324.013538112	55146.324859455	63200.553018620	67050.681384566	66365.069466427	61561.857519897	53888.128586873	44835.739526011	35569.734474963	26997.096295993	19722.697185768	13964.107178456	9637.1259502254	6517.6110870844	4329.5021490014	2851.5316617607
0.7569934731415	-0.000000000000	5104.8411360895	11234.837575975	18021.147581588	25143.928768262	32544.851856424	39782.163940744	45530.092311680	48482.771480110	48161.327186076	44848.091144835	39280.477341451	32438.078804302	25361.011166058	18922.043351702	13598.036234715	9478.2237073261	6450.4196003235	4302.3903073289	2839.4898331801
1.1402735328672	-0.000000000000	2843.6849917439	6325.8420822011	10422.687316929	14801.467925721	19376.200394982	23974.058619285	28400.912194813	32003.620521834	34026.362223023	33934.635228719	31680.306919199	27673.851929053	22667.371374217	17532.997311202	12935.410115035	9181.7041313305	6322.9271927130	4250.3857490516	2816.1359511580
1.6163517404379	-0.000000000000	1511.3059888146	3437.0542578896	5811.1928635020	8503.6395256532	11332.465223415	14260.026491501	17209.214388808	20001.404378006	22276.813588808	23553.637812729	23451.953981162	21850.487689415	18999.806058460	15474.947963945	11887.214579715	8688.6120245132	6105.2980331969	4159.7981263146	2774.6933970721
2.2076959911299	-0.000000000000	830.34790124002	1876.7609671085	3240.4176721890	4882.3139484772	6666.7042207765	8513.7147065977	10375.914824094	12215.466513532	13939.024577963	15348.398333654	16111.791533632	15967.384241191	14826.993264659	12853.948763920	10423.189807384	7950.3732497531	5761.5767308916	4012.1866163543	2706.0217439511
2.9422140120467	-0.000000000000	439.34317553513	1016.4750022305	1751.6642327817	2662.9866402727	3723.1757524100	4894.2243297529	6116.1909393512	7345.0920272694	8533.4579334927	9617.8458634031	10488.508440656	10942.139359443	10800.512223673	9995.9426390691	8628.5004049784	6955.2907023514	5262.7794753104	3786.3594731070	2597.7411272124
3.8545704312057	-0.000000000000	284.28231596185	651.64635152200	1108.9070881465	1642.4681385201	2277.1924491785	2971.9838079848	3731.3818604868	4519.9522794597	5276.8709526116	6002.9258613182	6672.6536449893	7191.7073923037	7438.7278683652	7295.8170908352	6711.1832275960	5759.2916158670	4602.0987669450	3464.4560233507	2436.7319625515
4.9878227298242	-0.000000000000	155.41464606634	356.29138559939	619.60024094473	925.33284141687	1296.3555277356	1751.5189811461	2260.6439849691	2773.5118556780	3291.5071421343	3784.3690666370	4238.1340578585	4636.8797097448	4932.2594735982	5051.6589655077	4913.9991862369	4490.0754913100	3815.4088961186	3041.8319453108	2212.1988839306
6.3954532844574	-0.000000000000	72.292104755092	167.99096198606	291.53708975556	448.99975041660	645.79975715731	898.27574482374	1206.3710684045	1553.1430162640	1922.5381988705	2291.4473831784	2630.2729973058	2923.7881358120	3173.8643659534	3356.3524588339	3413.8761504785	3300.4049412565	2981.5466094817	2537.9659625226	1923.2638310554
8.1438933985896	-0.000000000000	31.797074199595	74.801271006285	131.54445406169	204.48970893552	297.83096220040	421.68470839616	584.20157701834	780.90601703452	1022.0687917653	1298.8885554043	1571.9940695802	1812.9974023148	2015.9162074475	2176.8993182187	2282.5220178989	2304.9880878496	2195.9134621184	1998.3440082946	1584.7940299729
10.315658442084	-0.000000000000	24.947857365024	54.850789163049	92.084077065790	140.00191350136	201.78055197930	282.34767435720	383.38423223713	495.57182261401	629.51167168247	790.87897934545	968.96685876192	1141.8284016462	1285.3994423289	1399.8101810414	1487.9130328243	1543.7956203392	1529.9959629284	1479.0312272551	1227.4459329529
13.013242057342	-0.000000000000	9.4429198893000	22.739505732707	40.937938108112	64.726521602823	97.156319916665	139.16827839257	191.73177860866	256.13062141171	334.57670910088	419.78508515930	514.56535727141	634.54952045916	760.93875870268	858.17077389075	926.68514408556	983.23454149739	1004.8112902532	1024.4904539986	887.42705678294
16.363953214199	-0.000000000000	3.8954828636039	8.9963671234920	15.960666244353	24.935490512801	36.920704883223	52.556085144323	73.055023425219	98.355570383530	129.43743361652	174.04612256644	232.76417825202	296.80112336180	367.88340893673	444.54984705584	513.05236613685	572.25966957949	609.58051919326	657.56370471431	594.12566287061
20.525924392102	-0.000000000000	2.0304233746037	4.0089674224156	7.1160183443605	10.938662437689	15.947822910560	22.209512777839	29.846920726590	40.116372429221	53.268787559718	70.460319067457	92.952389834814	120.40402459771	154.74033445574	199.63695318701	247.48801054128	294.18388365938	332.18816081177	385.49144710699	364.77502875487
25.695574437959	-0.000000000000	0.6897092366369	1.5631238790208	2.7183528839056	4.2045879009533	6.1636207507173	8.7357658990322	12.030058446456	16.251994737620	21.868958191443	29.105418585310	38.390676374085	50.251854736407	65.273302221303	84.313457743372	107.20402888262	135.90282923738	164.10403394306	206.69654075071	205.00982894021
32.116878299579	-0.000000000000	0.2908040836438	0.6862807332306	1.2106879243437	1.8501531957194	2.7073846830549	3.8577699017013	5.2936232559553	7.1863074505800	9.6606556606416	12.862279768434	17.021968707088	22.437236569830	29.388735324210	38.407264446756	49.596595841053	64.534860801839	80.136389160488	106.44368713470	109.18282731316
40.092881107797	-0.000000000000	0.1390342719264	0.3196992883125	0.5655319930691	0.8950609090176	1.3055756498975	1.8608391380240	2.5823601979188	3.5000237141149	4.7112346326145	6.2932373298497	8.3507988253882	11.017949478892	14.464273731601	18.953222793219	24.592262088344	32.227651220687	40.308691550843	54.880543691555	57.291710652916
50.000000000000	-0.000000000000	0.0675998486160	0.1634203669980	0.2913067100491	0.4609084374841	0.6754259958055	0.9431257601670	1.3031930379547	1.7760995865846	2.3883577821426	3.1822007910526	4.2207676336648	5.5725599083132	7.3157515762667	9.6110600213529	12.504460857269	16.470140741939	20.714919063430	28.614893083392	30.180621312585
